7.335022
2.006030
6.113261
6.406673
9.705677
0.880350
1.633213
5.848032
1.301673
3.229476
2.595733
3.964821
1.815164
2.881259
12.165407
9.917054
4.039239
5.053433
0.610752
3.735466
0.065740
1.112970
0.590436
6.522171
0.681631
2.049603
0.556085
0.460785
27.339945
0.984916
2.877409
7.308193
3.793601
1.404087
4.059500
2.971764
2.721579
14.414482
1.384165
5.902386
2.992484
5.877206
2.044827
8.885106
1.332474
1.738289
6.595305
10.054532
0.289230
11.929454
2.986153
0.359943
0.853832
4.353384
8.837567
1.716325
0.265291
0.080905
2.447757
0.260697
1.088705
14.111689
9.299653
7.613083
1.240615
3.104032
1.881339
5.712613
2.874150
4.407154
3.033786
0.160291
2.302435
10.743299
10.683584
5.105491
1.337940
5.365809
4.086370
1.748125
4.657232
0.725964
2.320021
8.483563
7.069074
1.603923
1.040102
8.953652
1.725349
4.641992
12.537059
3.553147
4.283647
7.826810
2.316132
10.306498
2.032894
6.744561
4.610819
9.675219
2.634911
0.972492
12.003170
10.109332
0.639079
8.516617
4.098630
2.262207
3.866091
1.319906
6.167156
1.469545
2.369832
1.025285
0.830720
1.293152
3.251723
2.154852
0.743425
9.492199
0.435561
0.539044
2.736306
5.716394
16.733140
10.933717
4.613689
1.932766
5.541513
1.839665
1.393469
1.057225
3.512980
1.121040
0.661338
5.269290
0.536297
6.309246
0.716994
5.467087
0.309813
11.991260
0.215837
2.948926
0.775362
1.098076
6.393953
5.276852
4.275014
13.694403
4.080591
5.704049
0.392571
0.579652
2.937628
0.325847
0.289880
0.915918
2.475280
6.852029
3.406871
5.635483
0.213345
0.686985
47.818816
0.914276
8.827487
0.536268
24.475373
0.222294
8.177529
0.300312
0.016681
10.259392
3.604546
0.795620
0.712353
1.988284
9.768615
6.852425
1.779498
3.216181
3.464577
2.410125
4.651163
0.419843
3.026973
5.663615
1.451319
19.429148
3.441259
8.402294
5.510279
3.965242
0.144254
5.510177
7.164764
10.381202
8.262828
7.112315
15.536489
5.447363
9.347313
16.440856
4.397014
2.750717
0.716354
7.088106
8.791054
0.320481
4.195941
1.140310
3.971388
1.040978
4.824166
1.524264
1.594616
1.052884
0.308220
4.010361
1.012640
4.212248
2.859003
14.226595
1.314250
3.159574
5.081427
0.480907
2.550724
3.591249
11.552400
2.398027
1.640008
7.527203
2.280274
0.012947
1.692132
3.650005
7.164878
1.065727
4.501583
2.638465
2.630625
1.455119
4.980391
0.806290
3.889570
0.166891
2.137631
4.762697
4.482652
4.060470
1.705422
0.816416
3.757274
3.946401
5.248153
1.592217
5.395046
0.903653
10.148896
4.617640
4.235225
1.189666
3.040919
0.366898
1.207107
8.394789
4.635041
0.393717
0.471873
1.795167
3.438607
3.597847
4.393128
1.363081
5.980283
1.360842
1.599774
0.841655
16.632513
0.014340
7.026909
1.610750
0.834010
2.294330
12.741470
10.049788
5.790491
4.803582
0.516533
4.630721
1.936942
5.953725
11.462416
9.920771
7.919605
0.910355
6.312859
3.176665
1.411235
9.412671
9.615945
8.285226
2.757768
3.433970
0.710562
1.280332
7.997466
2.712237
2.491964
7.560370
2.740537
1.375900
0.795859
4.610312
5.201205
0.598913
3.696373
2.712417
7.283936
5.153071
0.785069
1.003938
2.760810
0.517059
0.595107
1.787916
1.571027
10.746836
9.564994
3.892455
7.251796
6.817800
2.741307
1.631703
2.005661
4.301511
3.754993
1.198512
0.655868
0.301244
0.456476
4.167500
1.807701
1.360224
1.610192
0.382295
2.229767
10.902494
3.504150
1.234051
4.300520
5.738206
2.673248
0.684445
8.583577
3.930420
2.916878
0.931986
3.261807
2.221893
7.086393
2.006066
1.120586
1.578181
5.227864
4.071679
16.757601
1.651427
9.113922
0.585075
2.115876
0.021693
6.116633
5.955723
1.390737
0.487169
8.025800
5.106257
0.201648
2.384845
17.210530
4.922761
0.947362
2.569010
8.015295
0.394509
0.419484
1.930870
1.436787
4.281498
6.623924
0.564882
0.211529
0.219609
2.447859
6.072330
4.711615
2.337603
0.507296
3.562850
3.457022
3.019233
3.615920
1.797147
1.451263
8.782942
2.589520
0.744452
3.763657
2.984058
3.859040
3.627305
1.064498
7.083319
0.290671
0.416278
10.293788
0.743630
2.629062
1.022104
7.012527
1.374632
1.767643
8.424052
1.687908
6.747624
4.305205
0.148015
1.190762
6.024951
3.933614
7.234087
1.473582
0.999025
0.882689
3.791559
0.464934
4.490865
6.097856
5.084182
0.894336
2.051228
1.517190
2.276705
1.050636
1.949402
3.044385
0.672367
3.242301
0.058747
1.913528
1.926149
1.457723
5.348611
1.206826
4.195393
3.214674
10.082511
4.633275
6.638407
4.787303
1.495578
4.152580
0.024091
3.045360
7.429281
3.854020
4.116634
2.923520
2.048032
1.798636
5.075713
6.475867
4.530485
0.663632
0.133783
0.262682
4.629907
0.831131
3.859386
4.819908
3.355755
0.004504
0.022902
1.456748
1.212918
4.261114
7.795203
0.799472
1.670279
4.402543
8.448171
4.237239
1.503021
8.651787
0.824481
0.683814
2.800373
7.063368
4.503778
9.380719
0.848377
2.006944
4.897610
8.127912
3.170961
5.372317
10.781598
1.061694
10.446007
3.206877
10.837406
2.728092
3.216927
11.196004
6.430672
6.731019
3.610511
4.282443
21.440725
10.986233
1.569454
8.295727
3.558173
4.061914
5.697208
5.974119
6.337228
1.219501
3.709192
2.543774
0.730669
6.348562
8.012456
8.254945
4.367513
2.127398
3.786801
3.634273
4.149333
3.093583
0.642281
3.460694
0.134076
4.828048
2.920495
7.149694
2.894830
0.478054
2.691888
2.856250
0.198861
6.735599
1.942311
4.060649
2.406813
0.621855
2.131452
1.134933
2.088669
0.070443
5.057677
3.410647
6.705453
3.495629
2.367727
2.595460
21.327371
0.242072
0.308649
4.095129
3.638053
1.007213
0.992758
3.979639
10.282523
5.356704
2.485928
2.309014
7.604149
12.201789
11.896731
9.173952
5.827102
1.623276
3.077889
0.989417
2.596913
11.968581
2.510701
8.627634
13.678700
0.812214
2.450245
6.060585
5.817395
9.406324
1.191390
5.735430
13.242293
1.612945
2.059193
3.291061
3.233767
3.893208
0.847962
2.600051
1.785805
4.243878
9.932721
0.946392
3.731126
8.022787
0.465136
1.870783
0.887591
4.159716
3.592741
4.514892
3.628734
0.242656
3.291855
3.316944
1.111592
0.076367
1.685411
0.036459
10.291924
3.679456
5.890650
8.728450
10.828555
0.760115
2.376695
2.675541
6.343496
4.075611
13.488292
0.675267
1.386271
8.555213
1.823002
9.187656
5.507559
2.583571
1.275244
11.722812
0.521919
8.030092
3.904104
5.072855
10.336584
0.813688
1.326724
0.731681
0.907487
3.935337
0.775498
0.541764
1.032762
11.744172
0.055853
0.701341
0.511285
2.478455
4.182696
9.870810
0.425253
3.810022
0.292679
2.001826
2.744138
2.294955
1.387902
1.119219
9.739465
3.340359
0.846388
0.141333
2.261434
6.725963
5.599670
1.762606
24.798671
0.145272
2.965556
0.897311
4.336372
4.813054
1.587703
8.805297
4.161885
1.671056
0.205880
5.821740
6.504916
4.798768
4.581831
9.381433
1.501333
5.585035
1.414907
6.629698
0.838263
3.577242
0.219681
0.427910
0.684459
1.119642
0.585520
3.557803
0.239222
8.812885
11.638338
0.230610
10.372799
2.532350
1.188070
3.537339
0.739718
3.513911
2.587763
6.761486
10.418413
2.990604
3.491490
5.228420
1.020785
1.227035
4.015953
3.090279
0.067163
10.724741
1.708058
0.921248
2.957842
2.049877
1.467873
4.556534
4.144060
2.343194
1.253490
4.858602
1.619214
0.965861
5.695294
1.194226
4.602663
0.065239
7.460493
7.653300
3.672797
1.551351
4.410001
2.993204
7.535502
1.151850
1.184082
0.304224
2.889333
8.822295
3.780932
3.028889
6.888877
12.772529
5.338558
1.686131
1.784787
0.179635
0.096610
0.020357
2.671900
1.386251
4.927603
6.862444
2.832309
2.520471
0.325959
0.847744
2.643869
10.275628
0.177458
0.352751
1.123399
4.970229
3.779185
0.389827
13.035165
8.083757
0.726539
2.584653
5.663417
6.011403
0.028018
3.456810
5.334229
5.446049
10.233628
0.405492
6.197934
11.707454
0.428027
1.285764
1.094174
6.637513
0.399470
5.493202
1.298566
0.761257
11.104067
5.722858
0.406720
15.876192
7.464372
1.671404
4.716645
2.439007
2.279459
4.245597
1.566150
3.670088
0.556938
0.339030
1.899242
0.589159
4.313799
0.486226
8.503892
3.493400
0.947262
4.414405
3.010611
1.497863
11.474432
5.847618
0.520828
0.156065
2.893897
2.038638
0.950824
2.410666
0.698185
1.474104
2.274938
0.021799
4.196850
0.539715
2.479208
0.351762
6.061068
6.165852
4.616629
9.641862
8.075564
0.258896
0.193328
2.995273
0.779843
10.516907
0.463999
1.964067
3.627256
4.068971
4.820422
3.101018
2.087648
6.913468
3.447951
10.181227
1.002705
6.228212
1.874903
1.924340
0.410305
6.600191
1.959667
5.501847
10.883395
7.569103
7.122371
5.013096
4.033667
2.903827
3.919672
2.791845
3.458709
4.457025
0.119678
5.641455
3.662229
0.598647
0.621667
0.872116
6.009699
7.438815
5.316803
0.813488
4.394934
1.501623
0.446303
8.772515
0.431380
2.613992
1.260600
0.891194
1.357229
4.287605
11.749926
1.003691
2.828292
6.028658
11.017373
0.613158
1.395968
3.293090
4.137143
8.267328
1.060282
4.483383
3.970089
7.148393
6.706520
5.936528
0.115461
3.570366
3.844966
5.771693
5.956542
1.337917
0.319436
8.481344
0.758459
0.788864
1.783810
2.341066
1.903832
4.171071
0.424491
1.576389
8.143683
3.741898
0.440037
6.555240
5.540683
2.035147
1.827853
2.005077
1.270857
3.661609
0.282698
9.272770
2.263938
8.522323
4.493869
2.469575
2.551901
1.383685
1.016553
1.129829
3.438895
1.433385
0.539065
5.536278
2.616902
2.661084
0.855179
7.832182
0.572656
1.387869
0.816195
0.011327
9.241333
1.362934
6.613910
4.204901
4.652950
0.771491
0.183043
12.847243
5.967643
0.479480
7.900759
0.929023
20.596813
3.072471
4.409377
2.508200
7.053769
8.914507
4.977874
2.078573
0.860169
7.280287
0.672304
4.479117
1.565371
1.705915
3.041545
